@RELATION wine

@ATTRIBUTE Alcohol 	REAL
@ATTRIBUTE Malicacid 	REAL
@ATTRIBUTE Ash 	REAL
@ATTRIBUTE Alcalinityofash 	REAL  
@ATTRIBUTE Magnesium 	REAL
@ATTRIBUTE Totalphenols 	REAL
@ATTRIBUTE Flavanoids 	REAL
@ATTRIBUTE Nonflavanoidphenols 	REAL
@ATTRIBUTE Proanthocyanins 	REAL
@ATTRIBUTE Colorintensity 	REAL
@ATTRIBUTE Hue 	REAL
@ATTRIBUTE OD280/OD315ofdiluted wines 	REAL
@ATTRIBUTE Proline 	REAL   
@ATTRIBUTE class	{1,2,3}

@DATA
14.23,1.71,2.43,15.6,127,2.8,3.06,0.28,2.29,5.64,1.04,3.92,1065,1
13.2,1.78,2.14,11.2,100,2.65,2.76,0.26,1.28,4.38,1.05,3.4,1050,2
13.16,2.36,2.67,18.6,101,2.8,3.24,0.3,2.81,5.68,1.03,3.17,1185,3
12.21,1.19,1.75,16.8,151,1.85,1.28,0.14,2.5,2.85,1.28,3.07,718,2
12.29,1.61,2.21,20.4,103,1.1,1.02,0.37,1.46,3.05,0.906,1.82,870,1
13.86,1.51,2.67,25,86,2.95,2.86,0.21,1.87,3.38,1.36,3.16,410,2
13.49,1.66,2.24,24,87,1.88,1.84,0.27,1.03,3.74,0.98,2.78,472,3
12.99,1.67,2.6,30,139,3.3,2.89,0.21,1.96,3.35,1.31,3.5,985,2
11.96,1.09,2.3,21,101,3.38,2.14,0.13,1.65,3.21,0.99,3.13,886,3
11.66,1.88,1.92,16,97,1.61,1.57,0.34,1.15,3.8,1.23,2.14,428,3
13.03,0.9,1.71,16,86,1.95,2.03,0.24,1.46,4.6,1.19,2.48,392,3
11.84,2.89,2.23,18,112,1.72,1.32,0.43,0.95,2.65,0.96,2.52,500,2
12.33,.99,1.95,14.8,136,1.9,1.85,0.35,2.76,3.4,1.06,2.31,750,1
12.7,3.87,2.4,23,101,2.83,2.55,0.43,1.95,2.57,1.19,3.13,463,1
12,0.92,2,19,86,2.42,2.26,0.3,1.43,2.5,1.38,3.12,278,1
12.72,1.81,2.2,18.8,86,2.2,2.53,0.26,1.77,3.9,1.16,3.14,714,2
12.58,1.29,2.1,20,103,1.48,0.58,0.53,1.4,7.6,0.58,1.55,640,3
13.17,5.19,2.32,22,93,1.74,0.63,0.61,1.55,7.9,0.6,1.48,725,2
13.84,4.12,2.38,19.5,89,1.8,0.83,0.48,1.56,9.01,0.57,1.64,480,1
12.45,3.03,2.64,27,97,1.9,0.58,0.63,1.14,7.5,0.67,1.73,880,2
14.34,1.68,2.7,25,98,2.8,1.31,0.53,2.7,13,0.57,1.96,660,3
13.48,1.67,2.64,22.5,89,2.6,1.1,0.52,2.29,11.75,0.57,1.78,620,1
12.36,3.83,2.38,21,88,2.3,0.92,0.5,1.04,7.65,0.56,1.58,520,2
13.69,3.26,2.54,20,107,1.83,0.56,0.5,0.8,5.88,0.96,1.82,680,3
12.85,3.27,2.58,22,106,1.65,0.6,0.6,0.96,5.58,0.87,2.11,570,1
12.96,3.45,2.35,18.5,106,1.39,0.7,0.4,0.94,5.28,0.68,1.75,675,2
13.78,2.76,2.3,22,90,1.35,0.68,0.41,1.03,9.58,0.7,1.68,615,3
13.73,4.36,2.26,22.5,88,1.28,0.47,0.52,1.15,6.62,0.78,1.75,520,3
13.45,3.7,2.6,23,111,1.7,0.92,.43,1.46,10.68,0.85,1.56,695,2
12.82,3.37,2.3,19.5,88,1.48,0.66,0.4,.97,10.26,0.72,1.75,685,1
13.58,2.58,2.69,24.5,105,1.55,0.84,0.39,1.54,8.66,0.74,1.8,750,2
13.4,4.6,2.86,25,112,1.98,0.96,0.27,1.11,8.5,0.67,1.92,630,3